WHOLEMOLECULES ENTITY0=1-9347

## CV1 ~ Distance of COM (heavy atom):



C1: COM ATOMS=1,2,3,4,5,6,14,15,16,17,21,22,23,24,25,26,27,29,41,42,43,44,45,46,47,48,49,50,51,65,67,68,70,71,72,73,87,88,89,90,91,92,93,94,104,105,106,107,108,114,115,116,117,134,135,136,137,138,139,140,148,149,150,151,152,153,159,160,161,162,166,167,171,174,208,209,210,211,212,1498,1499,1807,1820,1821,1823,1824,1831,1832,1841,1842,1843,1844,1845,1846,1847,1848,1849,1850,1851,1852,1862,1866,1869,1883,1884,1885,1886,1887,1888,1894,1895,1896,1897,1898,1899,1900,1908,1909,1910,1911,1912,1913,1919,1920,1921,1922,1926,1927,1928,1929,1930,1931,1932,1942,1943,1944,1946,1947,1948,1949,1950,1951,1952,1953,1963,1964,1965,1966,1980,1981,1982,1984,1985,1991,1992,1994,2123,2124,2125,2126,2127,2128,2129,2145,2146,2147,2148,2152,2153,2154,2155,2156,2157,2163,2164,2165,2166,2167,2168,2183,2184,2185,2187,2188,2189,2190,2546,2547,2548,2549,2550,2560,2592,2593,2604,2605,2606,2607,2611,2632,2633,2634,2635,2636,4277,4278,4326,4327,4328,4332,4333,4334,4335,4336,4337,4343,4344,4345,4346,4347,4353,4354,4355,4357,4358,4359,4360,4422,4423,4424,4425,4426,4548,4554,4570,4571,4572,4573,4574,4575,4576,4577,4586,4587,4588,4589,4590,4597,4598,4599,4600,4601,4608,4609,4610,4611,4615,4616,4617,4618,4631,4632,4633,4634,4635,4636,4637,4645,4646,4647,4648,4649,4650,4651,4652,4653,4654,4655,4665,4666,4668,4669,4670,4671,4672,4674
C2: COM ATOMS=4683,4684,4685,4686,4687,4688,4696,4697,4698,4699,4703,4704,4705,4706,4707,4708,4709,4710,4711,4723,4724,4725,4726,4727,4728,4729,4730,4731,4732,4733,4747,4748,4749,4750,4752,4753,4754,4755,4769,4770,4771,4772,4773,4774,4775,4776,4786,4787,4788,4789,4790,4796,4797,4798,4799,4800,4801,4802,4816,4817,4818,4819,4820,4821,4822,4830,4831,4832,4833,4834,4835,4841,4842,4843,4844,4848,4849,4852,4853,4854,4856,4890,4891,4892,4893,4894,5769,5770,5771,5772,5776,5783,6179,6180,6181,6488,6489,6490,6502,6503,6505,6506,6513,6514,6523,6524,6525,6526,6527,6528,6529,6530,6531,6532,6533,6534,6548,6551,6561,6565,6566,6567,6568,6569,6570,6576,6577,6578,6579,6580,6581,6582,6590,6591,6592,6593,6594,6595,6601,6602,6603,6604,6608,6609,6610,6611,6612,6613,6614,6624,6625,6626,6628,6629,6630,6631,6632,6633,6634,6635,6645,6646,6647,6648,6662,6663,6664,6666,6667,6673,6674,6675,6676,6788,6790,6805,6806,6807,6808,6809,6810,6811,6827,6828,6829,6830,6834,6835,6836,6837,6838,6839,6845,6846,6847,6848,6849,6850,6852,6865,6866,6867,6869,6870,6871,6872,7228,7229,7230,7231,7232,7274,7275,7286,7287,7288,7289,7293,7314,7315,7316,7317,7318,7931,8959,8960,8961,9008,9009,9010,9014,9015,9016,9017,9025,9026,9027,9028,9029,9035,9036,9039,9040,9041,9042,9104,9105,9106,9107,9108,9230,9236,9252,9253,9254,9255,9256,9257,9258,9259,9268,9269,9270,9271,9272,9279,9280,9281,9282,9283,9290,9291,9292,9293,9297,9298,9299,9300,9313,9314,9315,9316,9317,9318,9319,9327,9328,9329,9330,9331,9332,9333,9334,9335,9336,9337,9338

d1: DISTANCES ...
	GROUPA=C1 
	GROUPB=C2 
	LOWEST 
	LOWMEM
	... 


CA: GROUP NDX_FILE=index.ndx NDX_GROUP=CA
CB: GROUP NDX_FILE=index.ndx NDX_GROUP=CB

#ChA: ATOMS=CA
#ChB: ATOMS=CB

WHOLEMOLECULES ENTITY0=1-4682 ENTITY1=4683-9347   # Define two chain

COORDINATION ...
GROUPA=CA
GROUPB=CB
R_0=0.55 NLIST NL_CUTOFF=0.55 NL_STRIDE=100 
LABEL=CV2
NOPBC
... COORDINATION

restraint: METAD ARG=d1.lowest SIGMA=0.1 HEIGHT=0.5 PACE=250 BIASFACTOR=20 TEMP=293
PRINT ARG=* FILE=colvar STRIDE=250
